tests_final_public/input1.txt
1	2	3
6	5	4
7	8	9

real	0m0.102s
user	0m0.189s
sys	0m0.145s
-----------------------------

tests_final_public/input2.txt
21	22	23	24	25	26
20	19	12	11	28	27
1	18	13	10	29	30
2	17	14	9	36	31
3	16	15	8	35	32
4	5	6	7	34	33

real	0m0.383s
user	0m0.429s
sys	0m0.143s
-----------------------------

tests_final_public/input3.txt
1	2	35	34	33	32
4	3	36	29	30	31
5	24	25	28	17	16
6	23	26	27	18	15
7	22	21	20	19	14
8	9	10	11	12	13

real	0m0.317s
user	0m0.389s
sys	0m0.220s
-----------------------------

tests_final_public/input4.txt
35	36	3	4	9	10
34	1	2	5	8	11
33	18	17	6	7	12
32	19	16	15	14	13
31	20	21	22	23	24
30	29	28	27	26	25

real	0m1.000s
user	0m1.055s
sys	0m0.241s
-----------------------------

tests_final_public/input5.txt
31	30	29	28	27	26
32	15	16	17	18	25
33	14	13	20	19	24
34	11	12	21	22	23
35	10	1	2	3	4
36	9	8	7	6	5

real	0m0.306s
user	0m0.351s
sys	0m0.170s
-----------------------------

tests_final_public/input6.txt
25	26	27	36	37	42	43	44	45
24	29	28	35	38	41	48	47	46
23	30	31	34	39	40	49	50	51
22	21	32	33	56	55	54	53	52
19	20	3	4	57	62	63	68	69
18	1	2	5	58	61	64	67	70
17	12	11	6	59	60	65	66	71
16	13	10	7	76	75	74	73	72
15	14	9	8	77	78	79	80	81

real	0m1.320s
user	0m1.343s
sys	0m0.179s
-----------------------------

tests_final_public/input7.txt
59	60	61	64	65	72	73	76	77
58	57	62	63	66	71	74	75	78
55	56	51	50	67	70	81	80	79
54	53	52	49	68	69	44	43	42
23	24	25	48	47	46	45	40	41
22	21	26	27	28	29	30	39	38
19	20	13	12	9	8	31	32	37
18	15	14	11	10	7	6	33	36
17	16	1	2	3	4	5	34	35

real	0m0.528s
user	0m0.538s
sys	0m0.199s
-----------------------------

tests_final_public/input8.txt
49	48	43	42	37	36	33	32	31	30
50	47	44	41	38	35	34	27	28	29
51	46	45	40	39	24	25	26	3	2
52	17	18	21	22	23	6	5	4	1
53	16	19	20	9	8	7	82	83	84
54	15	14	13	10	79	80	81	100	85
55	62	63	12	11	78	97	98	99	86
56	61	64	65	66	77	96	95	88	87
57	60	69	68	67	76	75	94	89	90
58	59	70	71	72	73	74	93	92	91

real	0m1.852s
user	0m1.854s
sys	0m0.269s
-----------------------------

tests_final_public/input9.txt
49	48	43	42	37	36	33	32	31	30
50	47	44	41	38	35	34	27	28	29
51	46	45	40	39	24	25	26	3	2
52	17	18	21	22	23	6	5	4	1
53	16	19	20	9	8	7	82	83	84
54	15	14	13	10	79	80	81	100	85
55	62	63	12	11	78	97	98	99	86
56	61	64	65	66	77	96	95	88	87
57	60	69	68	67	76	75	94	89	90
58	59	70	71	72	73	74	93	92	91

real	0m2.003s
user	0m2.024s
sys	0m0.179s
-----------------------------

tests_final_public/input10.txt
90	89	78	77	52	51	48	47	42	41
91	88	79	76	53	50	49	46	43	40
92	87	80	75	54	55	56	45	44	39
93	86	81	74	67	66	57	58	37	38
94	85	82	73	68	65	60	59	36	35
95	84	83	72	69	64	61	22	23	34
96	97	100	71	70	63	62	21	24	33
1	98	99	10	11	12	19	20	25	32
2	5	6	9	14	13	18	27	26	31
3	4	7	8	15	16	17	28	29	30

real	0m3.055s
user	0m3.106s
sys	0m0.139s
-----------------------------

